      128
      2.52754
      2.54853
      2.56957
      2.59030
      2.61113
      2.63283
      2.65250
      2.67348
      2.69431
      2.71494
      2.73553
      2.75585
      2.77691
      2.79758
      2.81832
      2.83877
      2.85982
      2.88075
      2.90242
      2.92302
      2.94396
      2.96427
      2.98510
      3.00592
      3.02680
      3.04836
      3.06856
      3.08939
      3.10975
      3.13050
      3.15155
      3.17259
      3.19283
      3.21374
      3.23466
      3.25542
      3.27633
      3.29755
      3.31818
      3.33937
      3.35972
      3.38088
      3.40178
      3.42263
      3.44343
      3.46414
      3.48462
      3.50503
      3.52551
      3.54621
      3.56676
      3.58779
      3.60795
      3.62849
      3.64916
      3.66960
      3.69018
      3.71059
      3.73140
      3.75257
      3.77304
      3.79398
      3.81432
      3.83518
      3.85568
      3.87627
      3.89651
      3.91641
      3.93712
      3.95748
      3.97762
      3.99826
      4.01794
      4.03836
      4.05862
      4.07862
      4.09876
      4.11862
      4.13866
      4.15918
      4.17973
      4.19993
      4.21990
      4.24067
      4.26050
      4.28011
      4.30031
      4.31990
      4.33989
      4.35946
      4.37934
      4.39929
      4.41804
      4.43688
      4.45633
      4.48164
      4.49978
      4.51749
      4.53551
      4.55536
      4.57491
      4.59490
      4.61414
      4.63430
      4.65328
      4.67243
      4.69179
      4.71111
      4.73050
      4.75029
      4.76920
      4.78839
      4.80721
      4.82629
      4.84453
      4.86440
      4.88303
      4.90231
      4.92104
      4.93939
      4.95797
      4.97629
      4.99490
      5.01499
      5.03351
      5.05180
      5.07091
      5.08898
