     71
     0.60000000
     0.62000000
     0.64000000
     0.66000000
     0.68000000
     0.70000000
     0.72000000
     0.74000000
     0.76000000
     0.78000000
     0.80000000
     0.82000000
     0.84000000
     0.86000000
     0.88000000
     0.90000000
     0.92000000
     0.94000000
     0.96000000
     0.98000000
     1.0000000
     1.0200000
     1.0300000
     1.0500000
     1.0700000
     1.0900000
     1.1000000
     1.1200000
     1.1400000
     1.1600000
     1.1800000
     1.2000000
     1.2200000
     1.2400000
     1.2600000
     1.2800000
     1.3000000
     1.3200000
     1.3400000
     1.3600000
     1.3800000
     1.4000000
     1.4200000
     1.4400000
     1.4600000
     1.4800000
     1.5000000
     1.5200000
     1.5400000
     1.5600000
     1.5800000
     1.6000000
     1.6200000
     1.6400000
     1.6600000
     1.6800000
     1.7000000
     1.7200000
     1.7400000
     1.7600000
     1.7800000
     1.8000000
     1.8200000
     1.8400000
     1.8600000
     1.8800000
     1.9000000
     1.9200000
     1.9400000
     1.9600000
     1.9800000
